2013308075,1786765390
2013308075,3542512733
2013308075,3740408065
305142,1786765390
3439746044,1786765390
3439746044,305142
3542512733,1786765390
3542512733,3740408065
3542512733,5012576846
3542512733,5529434997
3740408065,1786765390
3740408065,5194924395
5012576846,1786765390
5012576846,5194924395
5012576846,5529434997
5194924395,1786765390
5194924395,5529434997
5494771351,1786765390
5502134977,1786765390
5529434997,2013308075
5629072572,5529434997
5629072572,3439746044
5629072572,305142
5629072572,1786765390
5708517202,5629072572
5708517202,6148325595
5708517202,6364149230
5708517202,6887070760
6148325595,5629072572
6148325595,6744860471
6148325595,6887070760
6364149230,5629072572
6364149230,6881116776
6387006896,5629072572
6364149230,6387006896
6473182874,6452677799
6585190985,6452677799
6585190985,6473182874
6589156261,6452677799
6589156261,6473182874
6589156261,6585190985
6591953768,6452677799
6591953768,6473182874
6591953768,6585190985
6591953768,6589156261
6591987475,6452677799
6591987475,6473182874
6591987475,6585190985
6591987475,6589156261
6591987475,6591953768
6596404821,6452677799
6596404821,6473182874
6596404821,6585190985
6596404821,6589156261
6596404821,6591953768
6596404821,6591987475
6615268702,6452677799
6615268702,6473182874
6615268702,6585190985
6615268702,6589156261
6615268702,6591953768
6615268702,6591987475
6615268702,6596404821
6615268702,5708517202
6615268702,5629072572
6615486306,6615268702
6615486306,5629072572
6744860471,6615486306
6744860471,6615268702
6744860471,5629072572
6816672518,6615486306
6816672518,5629072572
6816672518,6452677799
6816672518,6744860471
6874200356,5629072572
6874200356,6615268702
6874200356,6744860471
6874200356,6615486306
6874200356,6816672518
6881116776,5629072572
6881116776,6874200356
6887070760,6615268702
6887070760,6874200356
6887070760,5629072572
1869772165,2014305981
1869772165,2161791055
1869772165,2171857672
2014305981,2161791055
2014305981,2389440395
2014305981,3084939277
2014305981,5092235797
2014305981,5856824646
2014305981,6079097648
2161791055,2171857672
2161791055,2389440395
2161791055,5856824646
2161791055,6079097648
2171857672,2376145540
2171857672,2971174280
2171857672,5856824646
2171857672,6079097648
2376145540,2389440395
2376145540,5092235797
2389440395,2971174280
2389440395,5856824646
2389440395,6079097648
2971174280,3084939277
3084939277,5092235797
3084939277,5856824646
5092235797,5856824646
5092235797,6079097648
5856824646,6079097648
